// 场景物件类型表												
// 类型目前共有7种												
//SCENEOBJ_TYPE_NORMAL      = 0   普通物体												
//SCENEOBJ_TYPE_POSE              = 1  场景互动动作物体												
//SCENEOBJ_TYPE_TERRAIN       = 2  地形障碍标记物体												
//SCENEOBJ_TYPE_POINTLIGHT = 3  点光源												
//SCENEOBJ_TYPE_ENVLIGHT     =  4  环境光源												
//SCENEOBJ_TYPE_FOG                =  5  发雾器												
//SCENEOBJ_TYPE_ENVSOUND   = 6  Surround Sound Effect												
//平行光照 : 是否受平行光的影响												
//点光照     : 是否受点光源影响												
// Style: 编辑器里美术风格分类												
//ID	模型文件名	中文名称	类型	类型参数1	类型参数2	Special Parameter	平行光影响	点光源影响	风格	Sign	背景色开关	受地表阴影印象
1	by-bd001.lmo	白银宫殿01	0	0	0	0	1	0	1	0	1	0
2	by-bd002.lmo	白银海军事务所01	0	0	0	0	1	0	1	0	1	0
3	by-bd003.lmo	白银银行总部01	0	0	0	0	1	0	1	0	1	0
4	by-bd004.lmo	白银商会总部01	0	0	0	0	1	0	1	0	1	0
5	by-bd005.lmo	白银铁匠铺01	0	0	0	0	1	1	1	0	1	1
6	nml-bd141.lmo	Whirlpool 01	0	0	0	0	0	0	9	0	1	0
7	by-bd007.lmo	白银贸易所01	0	0	0	0	1	0	1	0	1	0
8	by-bd008.lmo	白银造船厂01	0	0	0	0	1	0	1	0	1	0
9	by-bd009.lmo	白银深蓝旅店01	0	0	0	0	1	0	1	0	1	0
10	by-bd010.lmo	白银酒馆01	0	0	0	0	0	0	1	0	1	0
11	by-bd011.lmo	白银大教堂01	0	0	0	0	1	0	1	0	1	0
12	nml-bd150.lmo	残破的桥01	0	0	0	0	1	0	9	0	1	1
13	by-bd013.lmo	白银灯塔01	0	0	0	0	0	0	1	0	1	0
14	by-bd014-1.lmo	白银码头短堤01	0	0	0	0	1	0	1	0	1	0
15	by-bd014-2.lmo	白银码头长堤01	0	0	0	0	1	0	1	0	1	0
16	by-bd014-3.lmo	白银码头拐角01	0	0	0	0	1	0	1	0	1	0
17	by-bd014-4.lmo	白银码头拐角02	0	0	0	0	1	0	1	0	1	0
18	by-bd014-5.lmo	白银码头堤洞01	0	0	0	0	1	0	1	0	1	0
19	by-bd014-6.lmo	白银码头路Lamp 01	0	0	0	0	1	0	1	0	1	0
20	by-bd014-7.lmo	白银码头炮台01	0	0	0	0	1	0	1	0	1	0
21	by-bd014-8.lmo	白银码头起重机01	0	0	0	0	1	0	1	0	1	0
22	by-bd015.lmo	白银中央钟楼01	0	0	0	0	0	0	1	0	1	0
23	by-bd016.lmo	白银民居01	0	0	0	0	1	1	1	0	1	0
24	by-bd017.lmo	白银民居02	0	0	0	0	1	0	1	0	1	0
25	by-bd018.lmo	白银禁卫小屋01	0	0	0	0	1	0	1	0	1	0
26	nml-bd151.lmo	火山01	0	0	0	0	0	0	9	0	1	1
27	by-bd020.lmo	白银仓库01	0	0	0	0	1	0	1	0	1	0
28	nml-bd152.lmo	水中怪石01	0	0	0	0	1	0	9	0	1	1
29	by-bd022.lmo	白银水车01	0	0	0	0	1	0	1	0	1	0
30	by-bd023.lmo	白银码头大台阶01	0	0	0	0	1	0	1	0	1	0
31	by-bd024.lmo	白银码头大台阶02	0	0	0	0	1	0	1	0	1	0
32	by-bd025.lmo	白银码头小台阶01	0	0	0	0	1	0	1	0	1	0
33	by-bd026.lmo	白银码头中台阶01	0	0	0	0	1	0	1	0	1	0
34	by-bd027.lmo	白银教堂钟楼01	0	0	0	0	1	0	1	0	1	0
35	nml-bd153.lmo	水中雕像01	0	0	0	0	1	0	9	0	1	1
36	by-bd036.lmo	白银之城路Lamp 01	0	0	0	0	1	0	1	0	1	0
37	by-bd037.lmo	白银之城栅栏01	0	0	0	0	1	0	1	0	1	0
38	by-bd038.lmo	白银之城墙门柱01	0	0	0	0	1	0	1	0	1	0
39	by-bd039.lmo	白银之城围墙01	0	0	0	0	1	0	1	0	1	0
40	by-bd040.lmo	白银之城城门01	0	0	0	0	1	0	1	0	1	0
41	lt-bd038.lmo	雷霆港船木桥01	0	0	0	0	1	0	2	0	1	0
42	lt-bd002.lmo	Thundoria Navy HQ 01	0	0	0	0	1	0	2	0	1	0
43	lt-bd001-01.lmo	Thundoria Palace 01	0	0	0	0	1	0	2	0	1	0
44	lt-bd001-02.lmo	Thundoria Palace 02	0	0	0	0	1	0	2	0	1	0
45	lt-bd005.lmo	Thundoria Blacksmith Shop 01	0	0	0	0	1	0	2	0	1	0
46	sl-bd038.lmo	沙岚旧城门墙01	0	0	0	0	1	0	3	0	1	1
47	lt-bd007.lmo	Thundoria Bank 01	0	0	0	0	1	0	2	0	1	0
48	sl-bd039.lmo	沙岚旧城门墙02	0	0	0	0	1	0	3	0	1	1
49	lt-bd009.lmo	雷霆堡飞空艇库01	0	0	0	0	1	0	2	0	1	0
50	lt-bd011.lmo	雷霆堡雕像01	0	0	0	0	1	0	2	0	1	0
51	lt-bd012.lmo	雷霆堡纪念牌01	0	0	0	0	1	0	2	0	1	0
52	lt-bd018-11.lmo	雷霆堡城墙02右	0	0	0	0	1	0	2	0	1	0
53	lt-bd036-03.lmo	雷霆港船头主体03	0	0	0	0	1	0	2	0	1	0
54	lt-bd014.lmo	雷霆堡民居01	0	0	0	0	1	0	2	0	1	0
55	lt-bd015.lmo	雷霆堡民居02	0	0	0	0	1	0	2	0	1	0
56	lt-bd016.lmo	雷霆堡民居03	0	0	0	0	1	0	2	0	1	0
57	lt-bd017.lmo	雷霆堡停机坪01	0	0	0	0	1	0	2	0	1	0
58	lt-bd018-01.lmo	Thundoria Castle Gate 01	0	0	0	0	1	0	2	0	1	0
59	lt-bd018-02.lmo	雷霆堡城墙02	0	0	0	0	1	0	2	0	1	0
60	lt-bd018-03.lmo	雷霆堡城墙03	0	0	0	0	1	0	2	0	1	0
61	lt-bd018-04.lmo	雷霆堡城墙04	0	0	0	0	1	0	2	0	1	0
62	lt-bd018-05.lmo	雷霆堡城墙05	0	0	0	0	1	0	2	0	1	0
63	lt-bd018-06.lmo	雷霆堡城墙06	0	0	0	0	1	0	2	0	1	0
64	lt-bd018-07.lmo	雷霆堡城墙07	0	0	0	0	1	0	2	0	1	0
65	lt-bd018-08.lmo	雷霆堡城墙08	0	0	0	0	1	0	2	0	1	0
66	lt-bd019.lmo	雷霆堡3米台阶01	0	0	0	0	1	0	2	0	1	1
67	lt-bd020.lmo	雷霆堡6米台阶01	0	0	0	0	1	0	2	0	1	1
68	lt-bd021.lmo	雷霆堡路Lamp 01	0	0	0	0	1	0	2	0	1	0
69	lt-bd022.lmo	雷霆堡水池01	0	0	0	0	0	0	2	0	1	0
70	lt-bd024.lmo	雷霆堡铁门01	0	0	0	0	1	0	2	0	1	0
71	lt-bd025-01.lmo	Camp 01	0	0	0	0	1	0	2	0	1	0
72	lt-bd025-02.lmo	Camp 02	0	0	0	0	1	0	2	0	1	0
73	lt-bd025-03.lmo	Camp 03	0	0	0	0	1	0	2	0	1	0
74	lt-bd025-04.lmo	Camp 04	0	0	0	0	1	0	2	0	1	0
75	lt-bd025-05.lmo	Camp 05	0	0	0	0	1	0	2	0	1	0
76	lt-bd025-06.lmo	Camp 06	0	0	0	0	1	0	2	0	1	0
77	lt-bd025-07.lmo	Camp 07	0	0	0	0	1	0	2	0	1	0
78	lt-bd025-08.lmo	Camp 08	0	0	0	0	1	0	2	0	1	0
79	lt-bd013-01.lmo	Thundoria Navy Harbor 01	0	0	0	0	1	0	2	0	1	1
80	lt-bd013-02.lmo	Thundoria Navy Harbor 02	0	0	0	0	1	0	2	0	1	1
81	lt-bd013-03.lmo	Thundoria Navy Harbor 03	0	0	0	0	1	0	2	0	1	1
82	lt-bd013-04.lmo	Thundoria Navy Harbor 04	0	0	0	0	1	0	2	0	1	1
83	lt-bd025-09.lmo	兵营账棚01	0	0	0	0	1	0	2	0	1	0
84	lt-bd026.lmo	Cannon 01	0	0	0	0	1	0	2	0	1	0
85	lt-bd018-09.lmo	雷霆堡城墙大门02	0	0	0	0	1	0	2	0	1	0
86	lt-bd018-10.lmo	雷霆堡城墙大门03	0	0	0	0	1	0	2	0	1	0
87	lt-bd027.lmo	Cannon 02	0	0	0	0	1	0	2	0	1	0
88	lt-bd028.lmo	雷霆旅馆01	0	0	0	0	1	0	2	0	1	0
89	lt-bd029.lmo	雷霆箭塔01	0	0	0	0	1	0	2	0	1	0
90	lt-bd030.lmo	Lone Tower 01	0	0	0	0	1	1	7	0	1	1
91	lt-bd031.lmo	雷霆堡桌子01	0	0	0	0	1	0	2	0	1	0
92	lt-bd032.lmo	雷霆堡椅子01	0	0	0	0	1	0	2	0	1	0
93	lt-bd033.lmo	雷霆堡军港船身01	0	0	0	0	1	0	2	0	1	0
94	lt-bd034.lmo	雷霆堡军港船尾01	0	0	0	0	1	0	2	0	1	0
95	lt-bd035.lmo	雷霆堡军港船头01	0	0	0	0	1	0	2	0	1	0
96	lt-bd036-01.lmo	雷霆港船头主体01	0	0	0	0	1	0	2	0	1	0
97	lt-bd036-02.lmo	雷霆港船头主体02	0	0	0	0	1	0	2	0	1	0
98	lt-bd037.lmo	雷霆港船铁丝网01	0	0	0	0	1	0	2	0	1	0
99	nml-bd138.lmo	飘动枫叶01	0	0	0	0	1	1	8	0	1	0
100	nml-bd139.lmo	Fence 01	0	0	0	0	1	1	9	0	1	1
101	nml-bd140.lmo	雪隔栏01	0	0	0	0	1	1	9	0	1	1
102	sl-bd001.lmo	新卡拉神殿01	0	0	0	0	1	0	3	0	1	0
103	sl-bd005.lmo	沙岚银行01	0	0	0	0	1	0	3	0	1	0
104	sl-bd008.lmo	沙岚杂货商店01	0	0	0	0	1	0	3	0	1	0
105	sl-bd009.lmo	Shaitan Bar 01	0	0	0	0	1	0	3	0	1	0
106	sl-bd012.lmo	沙岚铁匠铺01	0	0	0	0	1	0	3	0	1	0
107	sl-bd006.lmo	沙岚沙蟹驯站01	0	0	0	0	1	0	3	0	1	0
108	sl-bd010.lmo	沙岚贸易站01	0	0	0	0	1	0	3	0	1	0
109	sl-bd007.lmo	沙岚旅店01	0	0	0	0	1	0	3	0	1	0
110	sl-bd003.lmo	沙岚商会事务所01	0	0	0	0	1	0	3	0	1	0
111	sl-bd004.lmo	Shaitan Navy Office 01	0	0	0	0	1	0	3	0	1	0
112	sl-bd013.lmo	沙岚灯塔01	0	0	0	0	1	0	3	0	1	0
113	sl-bd026-01.lmo	沙岚高架水渠01	0	0	0	0	0	0	3	0	1	0
114	sl-bd026-02.lmo	沙岚高架水渠02	0	0	0	0	0	0	3	0	1	0
115	sl-bd026-03.lmo	沙岚高架水渠03	0	0	0	0	0	0	3	0	1	0
116	sl-bd026-04.lmo	沙岚高架水渠04	0	0	0	0	0	0	3	0	1	0
117	sl-bd026-05.lmo	沙岚高架水渠05	0	0	0	0	0	0	3	0	1	0
118	sl-bd026-06.lmo	沙岚高架水渠06	0	0	0	0	0	0	3	0	1	0
119	sl-bd026-07.lmo	沙岚高架水渠07	0	0	0	0	0	0	3	0	1	0
120	sl-bd026-08.lmo	沙岚高架水渠08	0	0	0	0	0	0	3	0	1	0
121	sl-bd015.lmo	沙岚水车01	0	0	0	0	0	0	3	0	1	0
122	sl-bd019.lmo	沙岚普通民房01	0	0	0	0	1	0	3	0	1	0
123	sl-bd020.lmo	沙岚豪宅01	0	0	0	0	1	0	3	0	1	0
124	sl-bd025.lmo	沙岚水果车01	0	0	0	0	1	0	3	0	1	0
125	sl-bd011.lmo	沙岚炽炎之塔01	0	0	0	0	1	0	3	0	1	0
126	sl-bd021.lmo	沙岚账篷01	0	0	0	0	1	0	3	0	1	1
127	sl-bd032-01.lmo	沙岚压边01	0	0	0	0	1	0	3	0	1	0
128	sl-bd032-02.lmo	沙岚压边02	0	0	0	0	1	0	3	0	1	0
129	sl-bd032-03.lmo	沙岚压边03	0	0	0	0	1	0	3	0	1	0
130	sl-bd014-01.lmo	沙岚码头01	0	0	0	0	1	0	3	0	1	0
131	sl-bd014-02.lmo	沙岚码头02	0	0	0	0	1	0	3	0	1	0
132	sl-bd014-03.lmo	沙岚码头03	0	0	0	0	1	0	3	0	1	0
133	sl-bd014-04.lmo	沙岚码头栏杆01	0	0	0	0	1	0	3	0	1	0
134	sl-bd014-05.lmo	沙岚码头石柱01	0	0	0	0	1	0	3	0	1	0
135	sl-bd017-01.lmo	沙岚城墙01	0	0	0	0	1	0	3	0	1	0
136	sl-bd017-02.lmo	沙岚城墙02	0	0	0	0	1	0	3	0	1	0
137	sl-bd017-03.lmo	Shaitan Wall 03	0	0	0	0	1	0	3	0	1	0
138	sl-bd032.lmo	Shaitan Chair 01	0	0	0	0	1	0	3	0	1	0
139	sl-bd033.lmo	沙岚桌子01	0	0	0	0	1	0	3	0	1	0
140	sl-bd034.lmo	Shaitan Parasol 01	0	0	0	0	1	0	3	0	1	0
141	sl-bd026-09.lmo	沙岚高架水渠09	0	0	0	0	1	1	3	0	1	1
142	sl-bd030.lmo	沙岚旧城废墟01	0	0	0	0	1	1	3	0	1	1
143	sl-bd028-01.lmo	沙岚废豪宅01	0	0	0	0	1	1	3	0	1	1
144	sl-bd028-02.lmo	沙岚废豪宅02	0	0	0	0	1	1	3	0	1	1
145	sl-bd031.lmo	沙岚残破雕像01	0	0	0	0	1	1	3	0	1	1
146	sl-bd028-03.lmo	沙岚废豪宅03	0	0	0	0	1	1	3	0	1	1
147	sl-bd028-04.lmo	沙岚废豪宅04	0	0	0	0	1	1	3	0	1	1
148	sl-bd035.lmo	沙岚木船01	0	0	0	0	1	1	3	0	1	1
149	sl-bd036.lmo	Shaitan Ship Factory 01	0	0	0	0	1	1	3	0	1	1
150	sl-bd037.lmo	沙岚中央水池01	0	0	0	0	0	0	3	0	1	0
151	bl-bd001.lmo	Icicle Grocery 01	0	0	0	0	1	0	4	0	1	1
152	bl-bd002.lmo	冰狼商会01	0	0	0	0	1	0	4	0	1	1
153	bl-bd003.lmo	冰狼堡垒01	0	0	0	0	1	0	4	0	1	1
154	bl-bd004.lmo	冰狼民居01	0	0	0	0	1	0	4	0	1	1
155	bl-bd005-01.lmo	冰狼废墟01	0	0	0	0	1	0	4	0	1	1
156	bl-bd005-02.lmo	冰狼废墟02	0	0	0	0	1	0	4	0	1	1
157	bl-bd005-03.lmo	Icicle Rubbles 03	0	0	0	0	1	0	4	0	1	1
158	bl-bd006.lmo	冰狼铁匠铺01	0	0	0	0	1	1	4	0	1	1
159	bl-bd007.lmo	冰狼旅馆01	0	0	0	0	1	0	4	0	1	1
160	bl-bd008-01.lmo	冰狼围墙01	0	0	0	0	1	0	4	0	1	1
161	bl-bd008-02.lmo	冰狼围墙02	0	0	0	0	1	0	4	0	1	1
162	bl-bd008-03.lmo	冰狼围墙03	0	0	0	0	1	0	4	0	1	1
163	bl-bd008-04.lmo	冰狼围墙04	0	0	0	0	1	0	4	0	1	1
164	bl-bd009.lmo	雪小箱子01	0	0	0	0	1	1	4	0	1	1
165	bl-bd010.lmo	雪大箱子01	0	0	0	0	1	1	4	0	1	1
166	bl-bd011.lmo	雪小木桶01	0	0	0	0	1	1	4	0	1	1
167	bl-bd012.lmo	Snow Stump 01	0	0	0	0	1	1	4	0	1	1
168	bl-bd013.lmo	Icicle Castle 01	0	0	0	0	1	1	4	0	1	1
169	bl-bd014.lmo	冰狼雕像01	0	0	0	0	0	1	4	0	1	1
170	bl-bd015.lmo	冰狼雕像02	0	0	0	0	0	1	4	0	1	1
171	bl-bd016.lmo	冰狼水池01	0	0	0	0	0	0	4	0	1	0
172	bl-bd017.lmo	Icicle Castle Pillar 01	0	0	0	0	1	0	4	0	1	1
173	nml-bd142.lmo	雾01	0	0	0	0	0	0	9	0	1	0
174	nml-bd143.lmo	Fire 01	0	0	0	0	0	0	9	0	1	0
175	nml-bd144.lmo	Ice Tree 01	0	0	0	0	0	0	8	0	1	1
176	nml-bd145.lmo	秋岛小木屋01	0	0	0	0	1	1	9	0	1	1
177	nml-bd146.lmo	秋岛祭坛01	0	0	0	0	1	1	9	0	1	1
178	nml-bd147.lmo	小小账篷01	0	0	0	0	1	1	9	0	1	1
179	nml-bd148-01.lmo	二号迷宫外部门01	0	0	0	0	1	1	9	0	1	1
180	nml-bd148-02.lmo	二号迷宫外部门02	0	0	0	0	1	1	9	0	1	1
181	nml-bd149.lmo	飘落Bamboo Leaf 01	0	0	0	0	1	1	9	0	1	1
182	nml-bd136.lmo	黄花花草01	0	0	0	0	1	1	8	0	1	1
183	nml-bd135.lmo	胖绿树01	0	0	0	0	1	1	8	0	1	1
184	nml-bd137.lmo	胖树01	0	0	0	0	1	1	8	0	1	1
185	mz-bd025.lmo	废矿迷宫内部门01	0	0	0	0	0	1	7	0	1	1
186	mz-bd024.lmo	Lamp 01	0	0	0	0	1	1	7	0	1	1
187	nml-bd134.lmo	绿双树01	0	0	0	0	1	1	8	0	1	1
188	nml-bd133.lmo	Crimson Twin Tree 01	0	0	0	0	1	1	8	0	1	1
189	nml-bd132.lmo	红椰树02	0	0	0	0	1	1	8	0	1	1
190	nml-bd131.lmo	红椰树01	0	0	0	0	1	1	8	0	1	1
191	mz-bd023.lmo	小矿车01	0	0	0	0	1	1	7	0	1	1
192	mz-bd022.lmo	迷宫黑墙01	0	0	0	0	0	1	7	0	1	1
193	mz-bd021.lmo	废矿迷宫部件09	0	0	0	0	0	1	7	0	1	1
194	mz-bd020.lmo	废矿迷宫部件08	0	0	0	0	0	1	7	0	1	1
195	mz-bd019.lmo	废矿迷宫部件07	0	0	0	0	0	1	7	0	1	1
196	mz-bd018.lmo	废矿迷宫部件06	0	0	0	0	0	1	7	0	1	1
197	mz-bd017.lmo	废矿迷宫部件05	0	0	0	0	0	1	7	0	1	1
198	mz-bd016.lmo	废矿迷宫部件04	0	0	0	0	0	1	7	0	1	1
199	mz-bd015.lmo	废矿迷宫部件03	0	0	0	0	0	1	7	0	1	1
200	mz-bd014.lmo	废矿迷宫部件02	0	0	0	0	0	1	7	0	1	1
201	mz-bd013.lmo	废矿迷宫部件01	0	0	0	0	0	1	7	0	1	1
202	mz-bd011-06.lmo	废矿迷宫门部件06	0	0	0	0	1	1	7	0	1	0
203	mz-bd011-05.lmo	废矿迷宫门部件05	0	0	0	0	1	1	7	0	1	0
204	mz-bd011-04.lmo	废矿迷宫门部件04	0	0	0	0	1	1	7	0	1	1
205	mz-bd011-03.lmo	废矿迷宫门部件03	0	0	0	0	1	1	7	0	1	1
206	mz-bd011-02.lmo	废矿迷宫门部件02	0	0	0	0	1	1	7	0	1	0
207	mz-bd011-01.lmo	废矿迷宫门部件01	0	0	0	0	1	1	7	0	1	0
208	nml-bd130.lmo	Conch 01	0	0	0	0	1	1	9	0	1	1
209	nml-bd129.lmo	火堆01	0	0	0	0	1	1	9	0	1	1
210	nml-bd128-04.lmo	雪山组件04	0	0	0	0	0	0	9	0	1	0
211	nml-bd128-03.lmo	雪山组件03	0	0	0	0	0	0	9	0	1	0
212	nml-bd128-02.lmo	雪山组件02	0	0	0	0	0	0	9	0	1	0
213	nml-bd128-01.lmo	雪山组件01	0	0	0	0	0	0	9	0	1	0
214	nml-bd127.lmo	冰原大雪树01	0	0	0	0	1	0	8	0	1	1
215	nml-bd126.lmo	红枫树01	0	0	0	0	1	0	8	0	1	1
216	nml-bd125.lmo	Snow Maple Tree 01	0	0	0	0	1	0	8	0	1	1
217	nml-bd124.lmo	新雪草01	0	0	0	0	0	0	8	0	0	1
218	nml-bd123.lmo	森林雪树02	0	0	0	0	1	1	8	0	1	1
219	nml-bd122.lmo	森林雪树01	0	0	0	0	1	1	8	0	1	1
220	nml-bd121.lmo	枯雪树01	0	0	0	0	1	1	8	0	1	1
221	nml-bd120.lmo	特效星01	0	0	0	0	1	1	9	0	1	1
222	nml-bd119.lmo	Snowy Weird Tree 01	0	0	0	0	1	1	8	0	1	1
223	nml-bd118.lmo	冰原大雪树02	0	0	0	0	1	1	8	0	1	1
224	nml-bd117.lmo	冰原雪球树01	0	0	0	0	1	1	8	0	1	1
225	nml-bd116.lmo	沙草树01	0	0	0	0	1	1	8	0	1	1
226	nml-bd115.lmo	蕨草01	0	0	0	0	1	1	8	0	1	1
227	nml-bd114.lmo	沙怪树01	0	0	0	0	1	1	8	0	1	1
228	nml-bd113.lmo	仙人掌01	0	0	0	0	1	1	8	0	1	1
229	nml-bd112.lmo	大沙石01	0	0	0	0	1	0	9	0	1	1
230	nml-bd111.lmo	Sand 01	0	0	0	0	1	0	9	0	1	1
231	nml-bd110.lmo	沙草02	0	0	0	0	0	0	8	0	0	1
232	nml-bd109.lmo	沙草01	0	0	0	0	0	0	8	0	0	1
233	mz-bd005.lmo	水池03	0	0	0	0	0	1	7	0	1	1
234	nml-bd108.lmo	新木桶组01	0	0	0	0	1	1	9	0	1	1
235	nml-bd107.lmo	新木桶01	0	0	0	0	1	1	9	0	1	1
236	nml-bd106.lmo	草地高墙02	0	0	0	0	1	0	7	0	1	1
237	nml-bd105.lmo	草地高墙01	0	0	0	0	1	0	7	0	1	1
238	nml-bd104.lmo	倒龙骨01	0	0	0	0	1	1	9	0	1	1
239	nml-bd103.lmo	龙Bone 骨01	0	0	0	0	1	1	9	0	1	1
240	nml-bd102.lmo	龙骨01	0	0	0	0	1	1	9	0	1	1
241	nml-bd101.lmo	大树桩01	0	0	0	0	1	1	8	0	1	1
242	nml-bd100.lmo	沙漠花01	0	0	0	0	1	1	8	0	1	1
243	nml-bd099.lmo	沙漠树01	0	0	0	0	1	1	8	0	1	1
244	nml-bd098.lmo	树球花01	0	0	0	0	1	1	8	0	1	1
245	nml-bd097.lmo	New Grass 04	0	0	0	0	1	0	8	0	1	1
246	mz-bd010.lmo	石柱01	0	0	0	0	0	1	7	0	1	1
247	nml-bd096.lmo	Lumber Mill 01	0	0	0	0	1	0	9	0	1	0
248	nml-bd095.lmo	Blossom 02	0	0	0	0	1	0	8	0	1	0
249	mz-bd009.lmo	水池06	0	0	0	0	0	1	7	0	1	1
250	mz-bd008.lmo	水池05	0	0	0	0	0	1	7	0	1	1
251	mz-bd007.lmo	地宫雕像01	0	0	0	0	0	1	7	0	1	1
252	mz-bd006.lmo	水池04	0	0	0	0	0	1	7	0	1	1
253	mz-bd011.lmo	迷宫墙03	0	0	0	0	0	1	7	0	1	1
254	mz-bd004.lmo	水池02	0	0	0	0	0	1	7	0	1	1
255	mz-bd003.lmo	水池01	0	0	0	0	0	1	7	0	1	1
256	mz-bd002.lmo	墙02	0	0	0	0	0	1	7	0	1	1
257	mz-bd001.lmo	墙01	0	0	0	0	0	1	7	0	1	1
258	nml-bd094.lmo	Flower 01	0	0	0	0	1	0	8	0	1	0
259	nml-bd093.lmo	新草03	0	0	0	0	1	0	8	0	1	1
260	nml-bd092.lmo	新树01	0	0	0	0	1	0	8	0	1	1
261	nml-bd091.lmo	Grass 01	0	0	0	0	1	0	8	0	1	0
262	nml-bd090.lmo	喷泉01	0	0	0	0	0	0	9	0	1	0
263	nml-bd089.lmo	石凳01	0	0	0	0	1	0	9	0	1	1
264	nml-bd088.lmo	Peach Tree 02	0	0	0	0	1	0	8	0	1	0
265	nml-bd087.lmo	樱树01	0	0	0	0	1	0	8	0	1	0
266	nml-bd086.lmo	新草02	0	0	0	0	1	1	8	0	1	1
267	nml-bd085.lmo	新草01	0	0	0	0	1	1	8	0	1	1
268	nml-bd084.lmo	Flower 07	0	0	0	0	0	0	8	0	0	1
269	nml-bd083.lmo	Crimson Tree 01	0	0	0	0	1	0	8	0	1	1
270	nml-bd082.lmo	千年树01	0	0	0	0	1	0	8	0	1	0
271	nml-bd081.lmo	Oil Barrel 01	0	0	0	0	1	0	9	0	1	0
272	nml-bd080.lmo	小黄Lamp 01	0	0	0	0	1	0	9	0	1	0
273	nml-bd079.lmo	红绿Lamp 01	0	0	0	0	1	0	9	0	1	0
274	nml-bd078.lmo	Turning Edge 01	0	0	0	0	1	0	9	0	1	0
275	nml-bd077.lmo	6米压边01	0	0	0	0	1	0	9	0	1	0
276	nml-bd076.lmo	2米压边01	0	0	0	0	1	0	9	0	1	0
277	nml-bd075.lmo	小冰柱01	0	0	0	0	0	0	9	0	1	1
278	nml-bd074.lmo	大冰柱01	0	0	0	0	0	0	9	0	1	1
279	nml-bd073.lmo	老树01	0	0	0	0	1	1	8	0	1	1
280	nml-bd072.lmo	竹子02	0	0	0	0	1	0	8	0	1	1
281	nml-bd071.lmo	竹子01	0	0	0	0	1	0	8	0	1	1
282	nml-bd070.lmo	旋转光柱01	0	0	0	0	1	1	9	0	1	1
283	nml-bd069.lmo	海上小卖部	0	0	0	0	1	0	9	0	1	0
284	nml-bd068.lmo	雪石头01	0	0	0	0	1	0	9	0	1	1
285	nml-bd067.lmo	小船02	0	0	0	0	1	0	9	0	1	1
286	nml-bd066.lmo	大雪石01	0	0	0	0	1	0	9	0	1	1
287	sl-bd040.lmo	沙岚旧城门墙03	0	0	0	0	1	0	3	0	1	1
288	sl-bd041.lmo	沙岚旧城门墙04	0	0	0	0	1	0	3	0	1	1
289	nml-bd063.lmo	红茫草01	0	0	0	0	1	0	8	0	1	0
290	nml-bd062.lmo	Forest Trees 02	0	0	0	0	1	1	8	0	1	1
291	nml-bd061.lmo	森林树01	0	0	0	0	1	1	8	0	1	1
292	nml-bd060.lmo	Flower 06	0	0	0	0	0	0	8	0	0	1
293	nml-bd059.lmo	Bridge 01	0	0	0	0	1	1	9	0	1	1
294	nml-bd058.lmo	小椅子01	0	0	0	0	1	0	9	0	1	0
295	nml-bd057.lmo	Rock 02	0	0	0	0	1	1	9	0	1	1
296	nml-bd056.lmo	Rock 01	0	0	0	0	1	1	9	0	1	1
297	nml-bd055.lmo	Flower 05	0	0	0	0	0	0	8	0	0	1
298	nml-bd054.lmo	树12	0	0	0	0	1	1	8	0	1	1
299	nml-bd053.lmo	树11	0	0	0	0	0	0	8	0	1	0
300	nml-bd052.lmo	树10	0	0	0	0	0	0	8	0	1	0
301	nml-bd051.lmo	船头01	0	0	0	0	1	0	9	0	1	1
302	nml-bd048.lmo	Bench 02	0	0	0	0	1	0	9	0	1	1
303	nml-bd047.lmo	市场01	0	0	0	0	1	0	1	0	1	0
304	nml-bd046.lmo	路标02	0	0	0	0	1	0	9	0	1	0
305	nml-bd045.lmo	路标01	0	0	0	0	1	0	9	0	1	0
306	nml-bd044.lmo	木箱桶木板动画03	0	0	0	0	1	0	9	0	1	1
307	nml-bd043.lmo	木箱桶木板动画02	0	0	0	0	1	0	9	0	1	1
308	nml-bd042.lmo	木箱桶木板动画01	0	0	0	0	1	0	9	0	1	1
309	nml-bd041.lmo	Metal Fence Pillar 01	0	0	0	0	1	0	9	0	1	0
310	nml-bd040.lmo	铁栅栏01	0	0	0	0	1	0	9	0	1	0
311	nml-bd039.lmo	Pergola 01	0	0	0	0	1	0	9	0	1	0
312	nml-bd038.lmo	桌子01	0	0	0	0	1	0	9	0	1	0
313	nml-bd037.lmo	藤椅01	0	0	0	0	1	0	9	0	1	0
314	nml-bd036.lmo	Bench 01	0	0	0	0	1	0	1	0	1	0
315	nml-bd035.lmo	Flower 04	0	0	0	0	1	0	8	0	1	0
316	nml-bd034.lmo	草06	0	0	0	0	0	0	8	0	0	1
317	nml-bd033.lmo	Blossom 02	0	0	0	0	1	0	8	0	1	1
318	nml-bd032.lmo	Flower 01	0	0	0	0	1	0	8	0	1	1
319	nml-bd031.lmo	草花丛01	0	0	0	0	1	0	8	0	1	0
320	nml-bd030.lmo	Flower Pot 03	0	0	0	0	1	0	9	0	1	1
321	nml-bd029.lmo	Flower Pot 02	0	0	0	0	1	0	9	0	1	1
322	nml-bd028.lmo	Flower Pot 01	0	0	0	0	1	0	9	0	1	1
323	nml-bd027.lmo	花园01	0	0	0	0	1	0	9	0	1	0
324	nml-bd026.lmo	Withered Trunk 01	0	0	0	0	1	0	8	0	1	1
325	nml-bd025.lmo	草04	0	0	0	0	0	0	8	0	0	1
326	nml-bd024.lmo	草03	0	0	0	0	1	0	8	0	1	0
327	nml-bd023.lmo	草02	0	0	0	0	1	0	8	0	1	0
328	nml-bd022.lmo	草01	0	0	0	0	0	0	8	0	1	0
329	nml-bd021.lmo	Tree 09	0	0	0	0	1	0	8	0	1	0
330	nml-bd020.lmo	Tree 08	0	0	0	0	1	0	8	0	1	0
331	nml-bd019.lmo	Tree 07	0	0	0	0	1	0	8	0	1	0
332	nml-bd018.lmo	花08	0	0	0	0	1	0	8	0	1	0
333	nml-bd017.lmo	Tree 05	0	0	0	0	1	0	8	0	1	0
334	nml-bd049.lmo	沙滩小铺01	0	0	0	0	1	0	9	0	1	0
335	nml-bd015.lmo	树03	0	0	0	0	1	0	8	0	1	0
336	nml-bd014.lmo	树02	0	0	0	0	1	0	8	0	1	0
337	nml-bd013.lmo	树01	0	0	0	0	1	0	8	0	1	0
338	nml-bd012.lmo	Road Notice 03	0	0	0	0	1	0	9	0	1	0
339	nml-bd011.lmo	路条02	0	0	0	0	1	0	9	0	1	0
340	nml-bd010.lmo	路条01	0	0	0	0	1	0	9	0	1	0
341	nml-bd009.lmo	大木箱01	0	0	0	0	1	0	9	0	1	1
342	nml-bd008.lmo	Big Chest 01	0	0	0	0	1	0	9	0	1	1
343	nml-bd007.lmo	鸟船01	0	0	0	0	1	0	9	0	1	1
344	nml-bd050.lmo	树桩01	0	0	0	0	1	0	8	0	1	0
345	nml-bd006.lmo	水果车01	0	0	0	0	1	0	1	0	1	0
346	nml-bd005.lmo	酒桶01	0	0	0	0	1	0	9	0	1	0
347	nml-bd004.lmo	Wooden Barrel 01	0	0	0	0	1	0	9	0	1	0
348	nml-bd003.lmo	木箱群01	0	0	0	0	1	0	9	0	1	1
349	nml-bd002.lmo	水果箱01	0	0	0	0	1	0	9	0	1	0
350	nml-bd001.lmo	小木箱01	0	0	0	0	1	0	9	0	1	0
351	yyyy001.lmo	Sit 1	1	0	0	0	1	0	200	0	1	0
352	yyyy002.lmo	靠1	1	0	0	0	1	0	200	0	1	0
353	yyyy003.lmo	不可走7	2	0	0	0	1	0	200	0	1	0
354	yyyy004.lmo	可走7	2	0	0	0	1	0	200	0	1	0
355	yyyy005.lmo	Passable 3	2	0	0	0	1	0	200	0	1	0
356	yyyy006.lmo	不可走3	2	0	0	0	1	0	200	0	1	0
400	yyyy007.lmo	Lamp 01	3	0,255,0	10,1,2	0	1	0	200	0	1	0
401	yyyy007.lmo	Lamp 02	3	0,255,0	10,1,0	0	1	0	200	0	1	0
402	yyyy007.lmo	Lamp 03	3	0,18,255	10,1,3	0	1	0	200	0	1	0
403	yyyy007.lmo	Lamp 04	3	27,80,250	10,1,1	0	1	0	200	0	1	0
404	yyyy007.lmo	Lmap 05	3	248,228,137	3.5,1,6	0	1	0	200	0	1	0
405	yyyy007.lmo	Lamp 06	3	60,69,137	10,1,5	0	1	0	200	0	1	0
406	yyyy007.lmo	Lamp 07	3	248,228,137	3,1,4	0	1	0	200	0	1	0
407	yyyy007.lmo	Lamp 08	3	250,120,50	6,1,7	0	1	0	200	0	1	0
408	yyyy007.lmo	Lamp 09	3	25,226,153	3,1,8	0	1	0	200	0	1	0
421	nml-bd154.lmo	木码头组件01	0	0	0	0	1	1	9	0	1	1
422	nml-bd155.lmo	木码头组件02	0	0	0	0	1	1	9	0	1	1
423	nml-bd156.lmo	木码头组件03	0	0	0	0	1	1	9	0	1	1
424	nml-bd157.lmo	木码头组件04	0	0	0	0	1	1	9	0	1	1
425	nml-bd158.lmo	冰山01	0	0	0	0	1	1	9	0	1	1
426	nml-bd159.lmo	冰山02	0	0	0	0	1	1	9	0	1	1
427	nml-bd160.lmo	海洋墓场01	0	0	0	0	1	1	9	0	1	1
428	nml-bd161.lmo	海洋墓场02	0	0	0	0	1	1	9	0	1	1
429	nml-bd162.lmo	海洋墓场03	0	0	0	0	1	1	9	0	1	1
430	nml-bd163.lmo	废矿入口01	0	7,0,1,2,3,4,5,6	0	0	0	0	9	0	1	0
431	nml-bd164.lmo	Floating Ball 01	0	0	0	0	1	1	9	0	1	1
432	nml-bd165.lmo	海上浮板01	0	0	0	0	1	1	9	0	1	1
433	nml-bd166.lmo	转转树01	0	0	0	0	1	1	8	0	1	1
434	nml-bd167.lmo	Fish Swarm 01	0	0	0	0	1	1	9	0	1	1
435	login.lmo	Login Interface	0	0	0	0	0	0	0	0	1	0
436	nml-bd169.lmo	Dried Wood 01	0	0	0	0	1	1	8	0	1	1
437	nml-bd170.lmo	Mushroom 01	0	0	0	0	1	1	8	0	1	1
438	nml-bd171.lmo	荧光草01	0	0	0	0	1	1	8	0	1	1
439	nml-bd168.lmo	Yellow Grass 01	0	0	0	0	1	1	8	0	1	1
440	mz-bd026.lmo	沙漠迷宫门01	0	9,7,8,9,10,11,12,13,14,15	0	0	0	0	7	0	1	0
441	nml-bd172.lmo	沙漠迷宫树01	0	0	0	0	0	1	8	0	1	1
442	mz-bd027.lmo	沙漠迷宫部件01	0	0	0	0	0	1	7	0	1	1
443	mz-bd028.lmo	沙漠迷宫部件02	0	0	0	0	0	1	7	0	1	1
444	mz-bd029.lmo	沙漠迷宫部件03	0	0	0	0	0	1	7	0	1	1
445	mz-bd030.lmo	沙漠迷宫部件04	0	0	0	0	0	1	7	0	1	1
446	nml-bd173.lmo	大叶树01	0	0	0	0	1	1	8	0	1	1
447	nml-bd174.lmo	大枯树01	0	0	0	0	1	1	8	0	1	1
448	nml-bd175.lmo	Small Tree 01	0	0	0	0	1	1	8	0	1	1
449	by-bd041.lmo	白银码头酒吧01	0	11,16,17,18,19,20,21,22,23,24,25,26	0	0	0	0	1	0	1	0
450	nml-bd176.lmo	森林迷宫组件01	0	0	0	0	1	1	7	0	1	1
451	nml-bd177.lmo	森林迷宫组件02	0	0	0	0	1	1	7	0	1	1
452	nml-bd178.lmo	森林迷宫组件03	0	0	0	0	1	1	7	0	1	1
453	nml-bd179.lmo	Forest Maze Module 04	0	0	0	0	1	1	7	0	1	1
454	nml-bd180.lmo	Forest Maze Module 05	0	0	0	0	1	1	7	0	1	1
455	nml-bd181.lmo	森林迷宫组件06	0	0	0	0	1	1	7	0	1	1
456	nml-bd182.lmo	森林迷宫组件07	0	0	0	0	1	1	7	0	1	1
457	nml-bd183.lmo	黄草01	0	0	0	0	1	1	8	0	1	1
458	nml-bd184.lmo	Little Grass 01	0	0	0	0	0	0	8	0	0	1
459	nml-bd185.lmo	Rosebush 01	0	0	0	0	1	1	8	0	1	1
460	nml-bd186.lmo	Autumn Grass 01	0	0	0	0	0	0	8	0	0	1
461	nml-bd187.lmo	直立小叶树01	0	0	0	0	1	1	8	0	1	1
462	nml-bd188.lmo	夏岛小木屋01	0	0	0	0	1	1	9	0	1	1
463	nml-bd189.lmo	夏岛瀑布组件01	0	0	0	0	0	0	9	0	1	0
464	nml-bd190.lmo	夏岛瀑布组件02	0	0	0	0	0	0	9	0	1	0
465	nml-bd191.lmo	夏岛瀑布组件03	0	0	0	0	0	0	9	0	1	0
466	nml-bd192.lmo	落叶01	0	0	0	0	0	0	9	0	1	0
467	nml-bd193.lmo	落叶02	0	0	0	0	0	0	9	0	1	0
468	nml-bd194.lmo	落叶03	0	0	0	0	0	0	9	0	1	0
469	by-bd019.lmo	白银城码头门01	0	0	0	0	1	1	1	0	1	0
470	nml-bd195.lmo	码头雕像01	0	0	0	0	1	1	9	0	1	0
471	by-bd028.lmo	白银城小码头01	0	0	0	0	1	1	1	0	1	0
472	by-bd029.lmo	白银银行招牌01	0	0	0	0	1	1	1	0	1	0
473	by-bd030.lmo	白银酒吧招牌01	0	0	0	0	1	1	1	0	1	0
474	by-bd031.lmo	白银武器店招牌01	0	0	0	0	1	1	1	0	1	0
475	by-bd032.lmo	白银药店招牌01	0	0	0	0	1	1	1	0	1	0
476	by-bd033.lmo	白银杂货店招牌01	0	0	0	0	1	1	1	0	1	0
477	by-bd034.lmo	白银服装店招牌01	0	0	0	0	1	1	1	0	1	0
478	by-bd035.lmo	白银商会招牌01	0	0	0	0	1	1	1	0	1	0
480	yyyy080.lmo	海浪音效	6	env_surf	2500	0	1	0	200	0	1	0
481	yyyy080.lmo	虫鸣音效	6	env_insect	2500	0	1	0	200	0	1	0
482	yyyy080.lmo	蝉鸣音效	6	env_cicada	2500	0	1	0	200	0	1	0
483	yyyy080.lmo	Chirping Sound Effect 1	6	env_bird1	2500	0	1	0	200	0	1	0
484	yyyy080.lmo	Chirping Sound 2	6	env_bird2	2500	0	1	0	200	0	1	0
485	yyyy080.lmo	Chilling Sound Effect	6	env_bise	2500	0	1	0	200	0	1	0
486	yyyy080.lmo	船厂音效	6	env_ship	2500	0	1	0	200	0	1	0
487	yyyy080.lmo	工厂音效	6	env_BlackSmith	2500	0	1	0	200	0	1	0
488	yyyy080.lmo	喷水池音效	6	env_fountain	2500	0	1	0	200	0	1	0
489	yyyy080.lmo	溪流音效	6	env_ghyll	2500	0	1	0	200	0	1	0
501	by-bd042.lmo	新路标01	0	0	0	0	1	0	1	0	1	0
502	by-bd043.lmo	Argent Ship Factory Signboard 01	0	0	0	0	1	0	1	0	1	0
503	by-bd044.lmo	海军事务所牌01	0	0	0	0	1	0	1	0	1	0
504	bl-bd018.lmo	冰狼码头组件01	0	0	0	0	1	0	4	0	1	1
505	bl-bd019.lmo	冰狼码头组件02	0	0	0	0	1	0	4	0	1	1
506	bl-bd020.lmo	冰狼码头组件03	0	0	0	0	1	0	4	0	1	1
507	by-bd045.lmo	白银海军招募牌01	0	0	0	0	1	0	1	0	1	0
508	by-bd046.lmo	白银通辑令牌01	0	0	0	0	1	0	1	0	1	0
509	nml-bd196.lmo	Lighthouse 01	0	0	0	0	1	1	9	0	1	0
510	nml-bd197.lmo	Buoy 01	0	0	0	0	1	1	9	0	1	0
511	nml-bd198.lmo	浮球01	0	0	0	0	1	1	9	0	1	0
512	login02.lmo	登陆界面2	0	0	0	0	0	0	0	0	1	0
513	nml-bd199.lmo	Butterfly 01	0	0	0	0	1	0	9	0	1	0
514	nml-bd200.lmo	浮标02	0	0	0	0	1	1	9	0	1	0
515	by-bd047.lmo	白银城交易所01	0	8,0,1,2,3,4,5,6,7	0	0	1	0	1	0	1	0
516	by-bd048.lmo	白银交易所招牌01	0	0	0	0	1	1	1	0	1	0
517	sl-bd042.lmo	沙岚交易所01	0	10,0,1,2,3,4,5,6,7,8,9	0	0	1	1	3	0	1	0
518	nml-bd201.lmo	码头指示01	0	0	0	0	1	1	9	0	1	0
519	lt-bd039.lmo	Thundoria Trading Post 01	0	9,0,1,2,3,4,5,6,7,8	0	0	0	0	2	0	1	0
520	bl-bd021.lmo	Icicle Trading Post 01	0	8,0,1,2,3,4,5,6,7	0	0	1	1	4	0	1	1
521	sl-bd043.lmo	沙岚码头04	0	0	0	0	1	1	3	0	1	0
522	sl-bd044.lmo	沙岚码头05	0	0	0	0	1	1	3	0	1	0
523	cc-bd001.lmo	春城钟楼01	0	0	0	0	1	1	5	0	1	0
524	cc-bd002.lmo	春城客栈01	0	0	0	0	1	1	5	0	1	0
525	cc-bd003.lmo	春城围墙01	0	0	0	0	1	1	5	0	1	0
526	cc-bd004.lmo	春城围墙02	0	0	0	0	1	1	5	0	1	0
527	cc-bd005.lmo	春城围墙03	0	0	0	0	1	1	5	0	1	0
528	cc-bd006.lmo	春城围墙04	0	0	0	0	1	1	5	0	1	0
529	cc-bd007.lmo	春城风车01	0	0	0	0	1	1	5	0	1	0
530	cc-bd008.lmo	春城民居01	0	0	0	0	1	1	5	0	1	0
531	cc-bd009.lmo	春城松树围栏01	0	0	0	0	1	1	5	0	1	0
532	cc-bd010.lmo	春城灯箱01	0	0	0	0	1	1	5	0	1	0
533	cc-bd011.lmo	春城旗杆01	0	0	0	0	1	1	5	0	1	0
534	cc-bd012.lmo	春城松树01	0	0	0	0	1	1	5	0	1	0
535	cc-bd013.lmo	Spring Town Temple 01	0	0	0	0	1	1	5	0	1	0
536	cc-bd014.lmo	春城奈何桥01	0	0	0	0	1	1	5	0	1	0
537	cc-bd015.lmo	春城Bun 铺01	0	0	0	0	1	1	5	0	1	0
538	cc-bd016.lmo	Spring Town Butcher 01	0	0	0	0	1	1	5	0	1	0
539	cc-bd017.lmo	Spring Town Rock 01	0	0	0	0	1	1	5	0	1	0
540	cc-bd018.lmo	春城Lantern 01	0	0	0	0	1	1	5	0	1	0
541	cc-bd019.lmo	春城Lantern 02	0	0	0	0	1	1	5	0	1	0
542	cc-bd020.lmo	春城沙包01	0	0	0	0	1	1	5	0	1	1
543	cc-bd021.lmo	春城圆底座01	0	0	0	0	1	1	5	0	1	1
544	cc-bd022.lmo	春城纸灯箱01	0	0	0	0	1	1	5	0	1	0
545	cc-bd023.lmo	春城民居02	0	0	0	0	1	1	5	0	1	0
546	cc-bd024.lmo	春城地砖01	0	0	0	0	1	1	5	0	1	0
547	cc-bd025.lmo	春城水中亭01	0	0	0	0	1	1	5	0	1	1
548	cc-bd026.lmo	春城水中亭引桥01	0	0	0	0	1	1	5	0	1	0
549	cc-bd027.lmo	Spring Town Pillar 01	0	0	0	0	1	1	5	0	1	0
550	cc-bd028.lmo	春城石头栏杆02	0	0	0	0	1	1	5	0	1	0
551	cc-bd029.lmo	春城交易所01	0	1,2	0	0	0	0	5	0	1	0
552	cc-bd030.lmo	春城粉色树01	0	0	0	0	1	1	5	0	1	0
553	cc-bd031.lmo	春城石块02	0	0	0	0	1	1	5	0	1	0
554	cc-bd032.lmo	春城民居03	0	0	0	0	1	1	5	0	1	0
555	cc-bd033.lmo	春城围栏01	0	0	0	0	1	1	5	0	1	0
556	cc-bd034.lmo	春城围栏02	0	0	0	0	1	1	5	0	1	0
557	cc-bd035.lmo	春城围栏03	0	0	0	0	1	1	5	0	1	0
558	cc-bd036.lmo	春城荷花01	0	0	0	0	1	1	5	0	1	0
559	cc-bd037.lmo	Spring Town Bamboo Shoot 01	0	0	0	0	1	1	5	0	1	1
560	cc-bd038.lmo	Spring Town Bamboo Shoot 02	0	0	0	0	1	1	5	0	1	1
561	cc-bd039.lmo	春城篱笆01	0	0	0	0	1	1	5	0	1	1
562	cc-bd040.lmo	春城码头01	0	0	0	0	1	1	5	0	1	1
563	cc-bd041.lmo	春城Lantern 03	0	0	0	0	1	1	5	0	1	1
564	cc-bd042.lmo	春城船厂物件01	0	0	0	0	1	1	5	0	1	0
565	cc-bd043.lmo	春城船厂物件02	0	0	0	0	1	1	5	0	1	0
566	cc-bd044.lmo	春城下水道01	0	0	0	0	0	1	5	0	1	1
567	cc-bd045.lmo	春城下水道02	0	0	0	0	0	1	5	0	1	1
568	cc-bd046.lmo	春城下水道03	0	0	0	0	0	1	5	0	1	1
569	cc-bd047.lmo	春城下水道04	0	0	0	0	0	1	5	0	1	1
570	mz-bd099.lmo	迷宫黑墙02	0	0	0	0	0	1	7	0	1	1
571	cc-bd049.lmo	春城下水道05	0	0	0	0	0	1	5	0	1	1
572	cc-bd050.lmo	下水道杂物01	0	0	0	0	0	1	5	0	1	1
573	cc-bd051.lmo	Underground Tunnel Sundries 02	0	0	0	0	0	1	5	0	1	1
574	cc-bd052.lmo	Underground Tunnel Sundries 03	0	0	0	0	0	1	5	0	1	1
575	cc-bd053.lmo	Dirty Bottle 01	0	0	0	0	0	1	5	0	1	1
576	cc-bd054.lmo	人骸骨01	0	0	0	0	0	1	5	0	1	1
577	cc-bd055.lmo	春城船厂物件03	0	0	0	0	1	1	5	0	1	0
578	cc-bd056.lmo	春城小水桶01	0	0	0	0	1	1	5	0	1	0
579	cc-bd057.lmo	春城木堆01	0	0	0	0	1	1	5	0	1	0
580	cc-bd058.lmo	海底隧道01	0	0	0	0	0	1	5	0	1	1
581	cc-bd059.lmo	海底隧道02	0	0	0	0	0	1	5	0	1	1
582	cc-bd060.lmo	海中鱼群02	0	0	0	0	0	1	5	0	1	1
583	cc-bd061.lmo	海底隧道03	0	0	0	0	0	1	5	0	1	1
584	cc-bd062.lmo	海底隧道04	0	0	0	0	0	1	5	0	1	1
585	cc-bd063.lmo	海底隧道05	0	0	0	0	0	1	5	0	1	1
586	cc-bd064.lmo	海底隧道06	0	0	0	0	0	1	5	0	1	1
587	nml-bd202.lmo	沼泽树01	0	0	0	0	1	1	8	0	1	1
588	nml-bd203.lmo	沼泽倒树01	0	0	0	0	1	1	8	0	1	1
589	cc-bd067.lmo	春城石头栏杆03	0	0	0	0	1	1	5	0	1	0
590	cc-bd068.lmo	脚印01	0	0	0	0	1	1	5	0	1	1
591	cc-bd069.lmo	春城水中石头01	0	0	0	0	1	1	5	0	1	0
592	nml-bd204.lmo	沼泽石头01	0	0	0	0	1	0	9	0	1	1
593	nml-bd205.lmo	残废之都组件01	0	0	0	0	1	1	7	0	1	1
594	nml-bd206.lmo	残废之都组件02	0	0	0	0	1	1	7	0	1	1
595	nml-bd207.lmo	残废之都组件03	0	0	0	0	1	1	7	0	1	1
596	nml-bd208.lmo	City of Cripple Module 04	0	0	0	0	1	1	7	0	1	1
597	nml-bd209.lmo	残废之都组件05	0	0	0	0	1	1	7	0	1	1
598	nml-bd210.lmo	残废之都组件06	0	0	0	0	1	1	7	0	1	1
599	cc-bd077.lmo	Tree 013	0	0	0	0	1	1	8	0	1	1
600	nml-bd211.lmo	魔方围墙01	0	0	0	0	0	1	7	0	1	1
601	nml-bd212.lmo	Demonic Wall 03	0	0	0	0	0	1	7	0	1	1
602	nml-bd213.lmo	魔方冰尖01	0	0	0	0	0	1	7	0	1	1
603	nml-bd214.lmo	魔方围墙05	0	0	0	0	0	1	7	0	1	1
604	nml-bd215.lmo	魔方围墙04	0	0	0	0	0	1	7	0	1	1
605	nml-bd216.lmo	魔方围墙06	0	0	0	0	0	1	7	0	1	1
606	nml-bd217.lmo	魔方雕塑01	0	0	0	0	0	1	7	0	1	1
607	nml-bd218.lmo	魔方水池01	0	0	0	0	0	1	7	0	1	1
608	nml-bd219.lmo	魔方水池02	0	0	0	0	0	1	7	0	1	1
609	nml-bd220.lmo	魔方水池03	0	0	0	0	0	1	7	0	1	1
610	nml-bd221.lmo	魔方水池04	0	0	0	0	0	1	7	0	1	1
611	nml-bd222.lmo	魔方围墙02	0	0	0	0	0	1	7	0	1	1
612	cc-bd065.lmo	春城下水道06	0	0	0	0	0	1	5	0	1	1
613	cc-bd066.lmo	春城下水道07	0	0	0	0	0	1	5	0	1	1
614	cc-bd071.lmo	春城酒馆招牌01	0	0	0	0	1	1	5	0	1	0
615	cc-bd072.lmo	春城理发店招牌01	0	0	0	0	1	1	5	0	1	0
616	cc-bd073.lmo	春城首饰店招牌01	0	0	0	0	1	1	5	0	1	0
617	cc-bd074.lmo	春城银行招牌01	0	0	0	0	1	1	5	0	1	0
618	cc-bdhq.lmo	海底黑墙	0	0	0	0	0	1	5	0	1	1
619	hlcx02.lmo	黑龙巢穴迷宫02	0	0	0	0	0	1	5	0	1	1
620	hlcx03.lmo	黑龙巢穴迷宫03	0	0	0	0	0	1	5	0	1	1
621	hlcx04.lmo	黑龙巢穴迷宫04	0	0	0	0	0	1	5	0	1	1
622	hlcx05.lmo	黑龙巢穴迷宫05	0	0	0	0	0	1	5	0	1	1
623	hlcx06.lmo	黑龙巢穴迷宫06	0	0	0	0	0	1	5	0	1	1
624	hlcx07.lmo	黑龙巢穴迷宫07	0	0	0	0	0	1	5	0	1	1
625	hlcx08.lmo	黑龙巢穴迷宫08	0	0	0	0	0	1	5	0	1	1
626	hlcx09.lmo	黑龙巢穴Lamp 01	0	0	0	0	0	1	5	0	1	1
627	hlcx-gh.lmo	Ghost Flame	0	0	0	0	0	0	5	0	1	0
628	hlcx-rk.lmo	Black Dragon Lair Entrance	0	0	0	0	1	1	5	0	1	0
629	hlcx-bx.lmo	Treasure Chest	0	0	0	0	0	1	5	0	1	1
630	hdsd01.lmo	海底遂道入口	0	0	0	0	1	1	5	0	1	1
631	long001.lmo	Black Dragon Lair 3	0	0	0	0	0	0	5	0	1	0
632	hlcx-ck.lmo	黑龙巢穴出口	0	0	0	0	1	1	5	0	1	0
633	cc-bddxsdrk.lmo	Underground Water Tunnel 入口	0	0	0	0	1	1	5	0	1	1
634	cc-bd075.lmo	Gate of Spring Town 01	0	0	0	0	1	1	5	0	1	0
635	hdmgrk01.lmo	海盗基地入口	0	1,2	0	0	1	1	5	0	1	1
636	hdwjsj001.lmo	计算机	0	0	0	0	1	1	5	0	1	1
637	hdwblg001.lmo	玻璃罐	0	0	0	0	1	1	5	0	1	1
638	hdjd-cbd01.lmo	财宝堆01	0	0	0	0	1	1	5	0	1	1